    2.00      0.00    0.00    0.00
   12.00      0.00    0.00    0.00
   22.00      0.00    0.00    0.00
   32.00      0.00    0.00    0.00
   42.00      0.00    0.00    0.00
   52.00      0.00    0.00    0.00
   62.00      0.00    0.00    0.00
   72.00      0.00    0.00    0.00
   82.00      0.00    0.00    0.00
   92.00      0.00    0.00    0.00
  102.00      0.00    0.00    0.00
  112.00      0.00    0.00    0.00
  122.00      0.00    0.00    0.00
  132.00      0.00    0.00    0.00
  142.00      0.00    0.00    0.00
  152.00      0.00    0.00    0.00
  162.00      0.00    0.00    0.00
  172.00      0.00    0.00    0.00
  182.00      0.00    0.00    0.00
  192.00      0.00    0.00    0.00
  202.00      0.00    0.00    0.00
  212.00      0.00    0.00    0.00
  222.00      0.00    0.00    0.00
  232.00      0.00    0.00    0.00
  242.00      0.00    0.00    0.00
  252.00      0.00    0.00    0.00
  262.00      0.00    0.00    0.00
  272.00      0.00    0.00    0.00
  282.00      0.00    0.00    0.00
  292.00      0.00    0.00    0.00
  302.00      0.00    0.00    0.00
  312.00      0.00    0.00    0.00
  322.00      0.00    0.00    0.00
  332.00      0.00    0.00    0.00
  342.00      0.00    0.00    0.00
  352.00      0.00    0.00    0.00
  362.00      0.00    0.00    0.00
  372.00      0.00    0.00    0.00
  382.00      0.00    0.00    0.00
  392.00      0.00    0.00    0.00
  402.00      0.00    0.00    0.00
  412.00      0.00    0.00    0.00
  422.00      0.00    0.00    0.00
  432.00      0.00    0.00    0.00
  442.00      0.00    0.00    0.00
  452.00      0.00    0.00    0.00
  462.00      0.00    0.00    0.00
  472.00      0.00    0.00    0.00
  482.00      0.00    0.00    0.00
  492.00      0.00    0.00    0.00
  502.00      0.00    0.00    0.00
  512.00      0.00    0.00    0.00
  522.00      0.00    0.00   -0.00
  532.00      0.00    0.00    0.00
  542.00      0.00    0.00   -0.00
  552.00      0.00    0.00    0.00
  562.00      0.00    0.00   -0.00
  572.00      0.00    0.00    0.00
  582.00      0.00    0.00   -0.01
  592.00      0.00    0.00    0.21
  602.00      1.00    0.00   -0.07
  612.00      1.00    1.00    0.83
  622.00      1.00    1.00    1.00
  632.00      1.00    1.00    1.00
  642.00      1.00    1.00    1.00
  652.00      1.00    1.00    1.00
  662.00      1.00    1.00    1.00
  672.00      1.00    1.00    1.00
  682.00      1.00    1.00    1.00
  692.00      1.00    1.00    1.00
  702.00      1.00    1.00    1.00
  712.00      1.00    1.00    1.00
  722.00      1.00    1.00    1.00
  732.00      1.00    1.00    1.00
  742.00      1.00    1.00    1.00
  752.00      1.00    1.00    1.00
  762.00      1.00    1.00    1.00
  772.00      1.00    1.00    1.00
  782.00      1.00    1.00    1.00
  792.00      1.00    1.00    1.25
  802.00      0.00    1.00    0.65
  812.00      0.00    1.00    0.41
  822.00      0.00    0.00    0.00
  832.00      0.00    0.00    0.00
  842.00      0.00    0.00    0.00
  852.00      0.00    0.00    0.00
  862.00      0.00    0.00    0.00
  872.00      0.00    0.00    0.00
  882.00      0.00    0.00    0.00
  892.00      0.00    0.00    0.00
  902.00      0.00    0.00    0.00
  912.00      0.00    0.00    0.00
  922.00      0.00    0.00    0.00
  932.00      0.00    0.00    0.00
  942.00      0.00    0.00    0.00
  952.00      0.00    0.00    0.00
  962.00      0.00    0.00    0.00
  972.00      0.00    0.00    0.00
  982.00      0.00    0.00    0.00
  992.00      0.00    0.00    0.00
