   20.00      0.75    0.50    0.38
   40.00      0.98    0.75    0.63
   60.00      1.18    0.98    0.87
   80.00      1.34    1.18    1.09
  100.00      1.45    1.34    1.27
  120.00      1.50    1.45    1.41
  140.00      1.48    1.50    1.48
  160.00      1.40    1.48    1.50
  180.00      1.27    1.40    1.45
  200.00      1.09    1.27    1.34
  220.00      0.87    1.09    1.18
  240.00      0.63    0.87    0.98
  260.00      0.37    0.63    0.74
  280.00      0.13    0.37    0.50
  300.00     -0.09    0.13    0.25
  320.00     -0.27   -0.09    0.01
  340.00     -0.40   -0.27   -0.19
  360.00     -0.48   -0.40   -0.35
  380.00     -0.50   -0.48   -0.45
  400.00     -0.45   -0.50   -0.50
  420.00     -0.34   -0.45   -0.48
  440.00     -0.18   -0.34   -0.40
  460.00      0.02   -0.18   -0.27
  480.00      0.25    0.02   -0.08
  500.00      0.50    0.25    0.14
  520.00      0.75    0.50    0.38
  540.00      0.98    0.75    0.63
  560.00      1.18    0.98    0.87
  580.00      1.34    1.18    1.09
  600.00      1.45    1.34    1.27
  620.00      1.50    1.45    1.41
  640.00      1.48    1.50    1.48
  660.00      1.40    1.48    1.50
  680.00      1.27    1.40    1.45
  700.00      1.09    1.27    1.34
  720.00      0.87    1.09    1.18
  740.00      0.63    0.87    0.98
  760.00      0.37    0.63    0.74
  780.00      0.13    0.37    0.50
  800.00     -0.09    0.13    0.25
  820.00     -0.27   -0.09    0.01
  840.00     -0.40   -0.27   -0.19
  860.00     -0.48   -0.40   -0.35
  880.00     -0.50   -0.48   -0.45
  900.00     -0.45   -0.50   -0.50
  920.00     -0.34   -0.45   -0.48
  940.00     -0.18   -0.34   -0.40
  960.00      0.02   -0.18   -0.27
  980.00      0.25    0.02   -0.08
 1000.00      0.50    0.25    0.14
