    3.00      0.00    0.00    0.00
   18.00      0.00    0.00    0.00
   33.00      0.00    0.00    0.00
   48.00      0.00    0.00    0.00
   63.00      0.00    0.00    0.00
   78.00      0.00    0.00    0.00
   93.00      0.00    0.00    0.00
  108.00      0.00    0.00    0.00
  123.00      0.00    0.00    0.00
  138.00      0.00    0.00    0.00
  153.00      0.00    0.00    0.00
  168.00      0.00    0.00    0.00
  183.00      0.00    0.00    0.00
  198.00      0.00    0.00    0.00
  213.00      0.00    0.00    0.00
  228.00      0.00    0.00    0.00
  243.00      0.00    0.00    0.00
  258.00      0.00    0.00    0.00
  273.00      0.00    0.00    0.00
  288.00      0.00    0.00    0.00
  303.00      0.00    0.00    0.00
  318.00      0.00    0.00    0.00
  333.00      0.00    0.00    0.00
  348.00      0.00    0.00    0.00
  363.00      0.00    0.00    0.00
  378.00      0.00    0.00    0.00
  393.00      0.00    0.00    0.00
  408.00      0.00    0.00    0.00
  423.00      0.00    0.00    0.00
  438.00      0.00    0.00    0.00
  453.00      0.00    0.00    0.00
  468.00      0.00    0.00    0.00
  483.00      0.00    0.00    0.00
  498.00      0.00    0.00    0.00
  513.00      0.00    0.00    0.00
  528.00      0.00    0.00    0.00
  543.00      0.00    0.00    0.00
  558.00      0.00    0.00    0.00
  573.00      0.00    0.00    0.00
  588.00      0.00    0.00    0.00
  603.00      0.00    0.00    0.00
  618.00      0.00    0.00    0.00
  633.00      0.00    0.00    0.00
  648.00      0.00    0.00    0.00
  663.00      0.00    0.00    0.00
  678.00      0.00    0.00    0.00
  693.00      0.00    0.00    0.00
  708.00      0.00    0.00    0.00
  723.00      0.00    0.00    0.00
  738.00      0.00    0.00    0.00
  753.00      0.00    0.00    0.00
  768.00      0.00    0.00    0.00
  783.00      0.00    0.00   -0.00
  798.00      0.00    0.00    0.00
  813.00      0.00    0.00   -0.00
  828.00      0.00    0.00    5.00
  843.00      0.00    0.00   -5.00
  858.00      0.00    0.00    5.00
  873.00      0.00    0.00   -5.00
  888.00      0.00    0.00    5.00
  903.00      1.00    0.00    1.00
  918.00      1.00    0.00    1.00
  933.00      1.00    0.00    1.00
  948.00      1.00    1.00    1.00
  963.00      1.00    1.00    1.00
  978.00      1.00    1.00    1.00
  993.00      1.00    1.00    1.00
 1008.00      1.00    1.00    1.00
 1023.00      1.00    1.00    1.00
 1038.00      1.00    1.00    1.00
 1053.00      1.00    1.00    1.00
 1068.00      1.00    1.00    1.00
 1083.00      1.00    1.00    1.00
 1098.00      1.00    1.00    1.00
 1113.00      1.00    1.00    1.00
 1128.00      1.00    1.00    2.77
 1143.00      1.00    1.00   -5.00
 1158.00      1.00    1.00    5.00
 1173.00      1.00    1.00   -5.00
 1188.00      1.00    1.00    5.00
 1203.00      0.00    1.00    0.00
 1218.00      0.00    1.00    0.00
 1233.00      0.00    1.00    0.00
 1248.00      0.00    0.00    0.00
 1263.00      0.00    0.00    0.00
 1278.00      0.00    0.00    0.00
 1293.00      0.00    0.00    0.00
 1308.00      0.00    0.00    0.00
 1323.00      0.00    0.00    0.00
 1338.00      0.00    0.00    0.00
 1353.00      0.00    0.00    0.00
 1368.00      0.00    0.00    0.00
 1383.00      0.00    0.00    0.00
 1398.00      0.00    0.00    0.00
 1413.00      0.00    0.00    0.00
 1428.00      0.00    0.00    0.00
 1443.00      0.00    0.00    0.00
 1458.00      0.00    0.00    0.00
 1473.00      0.00    0.00    0.00
 1488.00      0.00    0.00    0.00
