 dx= 3.0     C= 1.0    dt= 1.0    nt=  40
    3.00        0.00      0.00      0.00      0.00      0.00      0.00
    6.00        0.00      0.00      0.00      0.00      0.00      0.00
    9.00        0.00      0.00      0.00      0.00      0.00      0.00
   12.00        0.00      0.00      0.00      0.00      0.00      0.00
   15.00        0.00      0.00      0.00      0.00      0.00      0.00
   18.00        0.00      0.00      0.00      0.00      0.00      0.00
   21.00        0.00      0.00      0.00      0.00      0.00      0.00
   24.00        0.00      0.00      0.00      0.00      0.00      0.00
   27.00        0.00      0.00      0.00      0.00      0.00      0.00
   30.00        0.00      0.00      0.00      0.00      0.00      0.00
   33.00        0.00      0.00      0.00      0.00      0.00      0.00
   36.00        0.00      0.00      0.00      0.00      0.00      0.00
   39.00        0.00      0.00      0.00      0.00      0.00      0.00
   42.00        0.00      0.00      0.00      0.00      0.00      0.00
   45.00        0.00      0.00      0.00      0.00      0.00      0.00
   48.00        0.00      0.00      0.00      0.00      0.00      0.00
   51.00        0.00      0.00      0.00      0.00      0.00      0.00
   54.00        0.00      0.00      0.00      0.00      0.00      0.00
   57.00        0.00      0.00      0.00      0.00      0.00      0.00
   60.00        0.00      0.00      0.00      0.00      0.00      0.00
   63.00        0.00      0.00      0.00      0.00      0.00      0.00
   66.00        0.00      0.00      0.00      0.00      0.00      0.00
   69.00        0.00      0.00      0.00      0.00      0.00      0.00
   72.00        0.00      0.00      0.00      0.00      0.00      0.00
   75.00        0.00      0.00      0.00      0.00      0.00      0.00
   78.00        0.00      0.00      0.00      0.00      0.00      0.00
   81.00        0.00      0.00      0.00      0.00      0.00      0.00
   84.00        0.00      0.00      0.00      0.00      0.00      0.00
   87.00        0.00      0.00      0.00      0.00      0.00      0.00
   90.00        0.00      0.00      0.00      0.00      0.00      0.00
   93.00        0.00      0.00      0.00      0.00      0.00      0.00
   96.00        0.00      0.00      0.00      0.00      0.00      0.00
   99.00        0.00      0.00      0.00      0.00      0.00      0.00
  102.00        0.00      0.00      0.00      0.00      0.00      0.00
  105.00        0.00      0.00      0.00      0.00      0.00      0.00
  108.00        0.00      0.00      0.00      0.00      0.00      0.00
  111.00        0.00      0.00      0.00      0.00      0.00      0.00
  114.00        0.00      0.00      0.00      0.00      0.00      0.00
  117.00        0.00      0.00      0.00      0.00      0.00      0.00
  120.00        0.00      0.00      0.00      0.00      0.00      0.00
  123.00        0.00      0.00      0.00      0.00      0.00      0.00
  126.00        0.00      0.00      0.00      0.00      0.00      0.00
  129.00        0.00      0.00      0.00      0.00      0.00      0.00
  132.00        0.00      0.00      0.00      0.00      0.00      0.00
  135.00        0.00      0.00      0.00      0.00      0.00      0.00
  138.00        0.00      0.00      0.00      0.00      0.00      0.00
  141.00        0.00      0.00      0.00      0.00      0.00      0.00
  144.00        0.00      0.00      0.00      0.00      0.00      0.00
  147.00        0.00      0.00      0.00      0.00      0.00      0.00
  150.00        0.00      0.00      0.00      0.00      0.00      0.00
  153.00        0.00      0.00      0.00      0.00      0.00      0.00
  156.00        0.00      0.00      0.00      0.00      0.00      0.00
  159.00        0.00      0.00      0.00      0.00      0.00      0.00
  162.00        0.00      0.00      0.00      0.00      0.00      0.00
  165.00        0.00      0.00      0.00      0.00      0.00      0.00
  168.00        0.00      0.00      0.00      0.00      0.00      0.00
  171.00        0.00      0.00      0.00      0.00      0.00      0.00
  174.00        0.00      0.00      0.00      0.00      0.00      0.00
  177.00        0.00      0.00      0.00      0.00      0.00      0.00
  180.00        0.00      0.00      0.00      0.00      0.00      0.00
  183.00        0.00      0.00      0.00      0.00      0.00      0.00
  186.00        0.00      0.00      0.00      0.00      0.00      0.00
  189.00        0.00      0.00      0.00      0.00      0.00      0.00
  192.00        0.00      0.00      0.00      0.00      0.00      0.00
  195.00        0.00      0.00      0.00      0.00      0.00      0.00
  198.00        0.00      0.00      0.00      0.00      0.00      0.00
  201.00        0.00      0.00      0.00      0.00      0.00      0.00
  204.00        0.00      0.00      0.00      0.00      0.00      0.00
  207.00        0.00      0.00      0.00      0.00      0.00      0.00
  210.00        0.00      0.00      0.00      0.00      0.00      0.00
  213.00        0.00      0.00      0.00      0.00      0.00      0.00
  216.00        0.00      0.00      0.00      0.00      0.00      0.00
  219.00        0.00      0.00      0.00      0.00      0.00      0.00
  222.00        0.00      0.00      0.00      0.00      0.00      0.00
  225.00        0.00      0.00      0.00      0.00      0.00      0.00
  228.00        0.00      0.00      0.00      0.00      0.00      0.00
  231.00        0.00      0.00      0.00      0.00      0.00      0.00
  234.00        0.00      0.00      0.00      0.00      0.00      0.00
  237.00        0.00      0.00      0.00      0.00      0.00      0.00
  240.00        0.00      0.00      0.00      0.00      0.00      0.00
  243.00        0.00      0.00      0.00      0.00      0.00      0.00
  246.00        0.00      0.00      0.00      0.00      0.00      0.00
  249.00        0.00      0.00      0.00      0.00      0.00      0.00
  252.00        0.00      0.00      0.00      0.00      0.00      0.00
  255.00        0.00      0.00      0.00      0.00      0.00      0.00
  258.00        0.00      0.00      0.00      0.00      0.00      0.00
  261.00        0.00      0.00      0.00      0.00      0.00      0.00
  264.00        0.00      0.00      0.00      0.00      0.00      0.00
  267.00        0.00      0.00      0.00      0.00      0.00      0.00
  270.00        0.00      0.00      0.00      0.00      0.00      0.00
  273.00        0.00      0.00      0.00      0.00      0.00      0.00
  276.00        0.00      0.00      0.00      0.00      0.00      0.00
  279.00        0.00      0.00      0.00      0.00      0.00      0.00
  282.00        0.00      0.00      0.00      0.00      0.00      0.00
  285.00        0.00      0.00      0.00      0.00      0.00      0.00
  288.00        0.00      0.00      0.00      0.00      0.00      0.00
  291.00        0.00      0.00      0.00      0.00      0.00      0.00
  294.00        0.00      0.00      0.00      0.00      0.00      0.00
  297.00        0.00      0.00      0.00      0.00      0.00      0.00
  300.00        0.00      0.00      0.00      0.00      0.00      0.00
  303.00        0.00      0.00      0.00      0.00      0.00      0.00
  306.00        0.00      0.00      0.00      0.00      0.00      0.00
  309.00        0.00      0.00      0.00      0.00      0.00      0.00
  312.00        0.00      0.00      0.00      0.00      0.00      0.00
  315.00        0.00      0.00      0.00      0.00      0.00      0.00
  318.00        0.00      0.00      0.00      0.00      0.00      0.00
  321.00        0.00      0.00      0.00      0.00      0.00      0.00
  324.00        0.00      0.00      0.00      0.00      0.00      0.00
  327.00        0.00      0.00      0.00      0.00      0.00      0.00
  330.00        0.00      0.00      0.00      0.00      0.00      0.00
  333.00        0.00      0.00      0.00      0.00      0.00      0.00
  336.00        0.00      0.00      0.00      0.00      0.00      0.00
  339.00        0.00      0.00      0.00      0.00      0.00      0.00
  342.00        0.00      0.00      0.00      0.00      0.00      0.00
  345.00        0.00      0.00      0.00      0.00      0.00      0.00
  348.00        0.00      0.00      0.00      0.00      0.00      0.00
  351.00        0.00      0.00      0.00      0.00      0.00      0.00
  354.00        0.00      0.00      0.00      0.00      0.00      0.00
  357.00        0.00      0.00      0.00      0.00      0.00      0.00
  360.00        0.00      0.00      0.00      0.00      0.00      0.00
  363.00        0.00      0.00      0.00      0.00      0.00      0.00
  366.00        0.00      0.00      0.00      0.00      0.00      0.00
  369.00        0.00      0.00      0.00      0.00      0.00      0.00
  372.00        0.00      0.00      0.00      0.00      0.00      0.00
  375.00        0.00      0.00      0.00      0.00      0.00      0.00
  378.00        0.00      0.00      0.00      0.00      0.00      0.00
  381.00        0.00      0.00      0.00      0.00      0.00      0.00
  384.00        0.00      0.00      0.00      0.00      0.00      0.00
  387.00        0.00      0.00      0.00      0.00      0.00      0.00
  390.00        0.00      0.00      0.00      0.00      0.00      0.00
  393.00        0.00      0.00      0.00      0.00      0.00      0.00
  396.00        0.00      0.00      0.00      0.00      0.00      0.00
  399.00        0.00      0.00      0.00      0.00      0.00      0.00
  402.00        0.00      0.00      0.00      0.00      0.00      0.00
  405.00        0.00      0.00      0.00      0.00      0.00      0.00
  408.00        0.00      0.00      0.00      0.00      0.00      0.00
  411.00        0.00      0.00      0.00      0.00      0.00      0.00
  414.00        0.00      0.00      0.00      0.00      0.00      0.00
  417.00        0.00      0.00      0.00      0.00      0.00      0.00
  420.00        0.00      0.00      0.00      0.00      0.00      0.00
  423.00        0.00      0.00      0.00      0.00      0.00      0.00
  426.00        0.00      0.00      0.00      0.00      0.00      0.00
  429.00        0.00      0.00      0.00      0.00      0.00      0.00
  432.00        0.00      0.00      0.00      0.00      0.00      0.00
  435.00        0.00      0.00      0.00      0.00      0.00      0.00
  438.00        0.00      0.00      0.00      0.00      0.00      0.00
  441.00        0.00      0.00      0.00      0.00      0.00      0.00
  444.00        0.00      0.00      0.00      0.00      0.00      0.00
  447.00        0.00      0.00      0.00      0.00      0.00      0.00
  450.00        0.00      0.00      0.00      0.00      0.00      0.00
  453.00        0.00      0.00      0.00      0.00      0.00      0.00
  456.00        0.00      0.00      0.00      0.00      0.00      0.00
  459.00        0.00      0.00      0.00      0.00      0.00      0.00
  462.00        0.00      0.00      0.00      0.00      0.00      0.00
  465.00        0.00      0.00      0.00      0.00      0.00      0.00
  468.00        0.00      0.00      0.00      0.00      0.00      0.00
  471.00        0.00      0.00      0.00      0.00      0.00      0.00
  474.00        0.00      0.00      0.00      0.00      0.00      0.00
  477.00        0.00      0.00      0.00      0.00      0.00      0.00
  480.00        0.00      0.00      0.00      0.00      0.00      0.00
  483.00        0.00      0.00      0.00      0.00      0.00      0.00
  486.00        0.00      0.00      0.00      0.00      0.00      0.00
  489.00        0.00      0.00      0.00      0.00      0.00      0.00
  492.00        0.00      0.00      0.00      0.00      0.00      0.00
  495.00        0.00      0.00      0.00      0.00      0.00      0.00
  498.00        0.00      0.00      0.00      0.00      0.00      0.00
  501.00        0.00      0.00      0.00      0.00      0.00      0.00
  504.00        0.00      0.00      0.00      0.00      0.00      0.00
  507.00        0.00      0.00      0.00      0.00      0.00      0.00
  510.00        0.00      0.00      0.00      0.00      0.00      0.00
  513.00        0.00      0.00      0.00      0.00      0.00      0.00
  516.00        0.00      0.00      0.00      0.00      0.00      0.00
  519.00        0.00      0.00      0.00      0.00      0.00      0.00
  522.00        0.00      0.00      0.00      0.00      0.00      0.00
  525.00        0.00      0.00      0.00      0.00      0.00      0.00
  528.00        0.00      0.00      0.00      0.00      0.00      0.00
  531.00        0.00      0.00      0.00      0.00      0.00      0.00
  534.00        0.00      0.00      0.00      0.00      0.00      0.00
  537.00        0.00      0.00      0.00      0.00      0.00      0.00
  540.00        0.00      0.00      0.00      0.00      0.00      0.00
  543.00        0.00      0.00      0.00      0.00      0.00      0.00
  546.00        0.00      0.00      0.00      0.00      0.00      0.00
  549.00        0.00      0.00      0.00      0.00      0.00      0.00
  552.00        0.00      0.00      0.00      0.00      0.00      0.00
  555.00        0.00      0.00      0.00      0.00      0.00      0.00
  558.00        0.00      0.00      0.00      0.00      0.00      0.00
  561.00        0.00      0.00      0.00      0.00      0.00      0.00
  564.00        0.00      0.00      0.00      0.00      0.00      0.00
  567.00        0.00      0.00      0.00      0.00      0.00      0.00
  570.00        0.00      0.00      0.00      0.00      0.00      0.00
  573.00        0.00      0.00      0.00      0.00      0.00      0.00
  576.00        0.00      0.00      0.00      0.00      0.00      0.00
  579.00        0.00      0.00      0.00      0.00      0.00      0.00
  582.00        0.00      0.00      0.00      0.00      0.00      0.00
  585.00        0.00      0.00      0.00      0.00      0.00      0.00
  588.00        0.00      0.00      0.00      0.00      0.00      0.00
  591.00        0.00      0.00      0.00      0.00      0.00      0.00
  594.00        0.00      0.00      0.00      0.00      0.00      0.00
  597.00        0.00      0.00      0.00      0.00      0.00      0.00
  600.00        0.00      0.00      0.00      0.00      0.00      0.00
  603.00        0.00      0.00      0.00      0.00      0.00      0.00
  606.00        0.00      0.00      0.00      0.00      0.00      0.00
  609.00        0.00      0.00      0.00      0.00      0.00      0.00
  612.00        0.00      0.00      0.00      0.00      0.00      0.00
  615.00        0.00      0.00      0.00      0.00      0.00      0.00
  618.00        0.00      0.00      0.00      0.00      0.00      0.00
  621.00        0.00      0.00      0.00      0.00      0.00      0.00
  624.00        0.00      0.00      0.00      0.00      0.00      0.00
  627.00        0.00      0.00      0.00      0.00      0.00      0.00
  630.00        0.00      0.00      0.00      0.00      0.00      0.00
  633.00        0.00      0.00      0.00      0.00      0.00      0.00
  636.00        0.00      0.00      0.00      0.00      0.00      0.00
  639.00        0.00      0.00      0.00      0.00      0.00      0.00
  642.00        0.00      0.00      0.00      0.00      0.00      0.00
  645.00        0.00      0.00      0.00      0.00      0.00      0.00
  648.00        0.00      0.00      0.00      0.00      0.00      0.00
  651.00        0.00      0.00      0.00      0.00      0.00      0.00
  654.00        0.00      0.00      0.00      0.00      0.00      0.00
  657.00        0.00      0.00      0.00      0.00      0.00      0.00
  660.00        0.00      0.00      0.00      0.00      0.00      0.00
  663.00        0.00      0.00      0.00      0.00      0.00      0.00
  666.00        0.00      0.00      0.00      0.00      0.00      0.00
  669.00        0.00      0.00      0.00      0.00      0.00      0.00
  672.00        0.00      0.00      0.00      0.00      0.00      0.00
  675.00        0.00      0.00      0.00      0.00      0.00      0.00
  678.00        0.00      0.00      0.00      0.00      0.00      0.00
  681.00        0.00      0.00      0.00      0.00      0.00      0.00
  684.00        0.00      0.00      0.00      0.00      0.00      0.00
  687.00        0.00      0.00      0.00      0.00      0.00      0.00
  690.00        0.00      0.00      0.00      0.00      0.00      0.00
  693.00        0.00      0.00      0.00      0.00      0.00      0.00
  696.00        0.00      0.00      0.00      0.00      0.00      0.00
  699.00        0.00      0.00      0.00      0.00      0.00      0.00
  702.00        0.00      0.00      0.00      0.00      0.00      0.00
  705.00        0.00      0.00      0.00      0.00      0.00      0.00
  708.00        0.00      0.00      0.00      0.00      0.00      0.00
  711.00        0.00      0.00      0.00      0.00      0.00      0.00
  714.00        0.00      0.00      0.00      0.00      0.00      0.00
  717.00        0.00      0.00      0.00      0.00      0.00      0.00
  720.00        0.00      0.00      0.00      0.00      0.00      0.00
  723.00        0.00      0.00      0.00      0.00      0.00      0.00
  726.00        0.00      0.00      0.00      0.00      0.00      0.00
  729.00        0.00      0.00      0.00      0.00      0.00      0.00
  732.00        0.00      0.00      0.00      0.00      0.00      0.00
  735.00        0.00      0.00      0.00      0.00      0.00      0.00
  738.00        0.00      0.00      0.00      0.00      0.00      0.00
  741.00        0.00      0.00      0.00      0.00      0.00      0.00
  744.00        0.00      0.00      0.00      0.00      0.00      0.00
  747.00        0.00      0.00      0.00      0.00      0.00      0.00
  750.00        0.00      0.00      0.00      0.00      0.00      0.00
  753.00        0.00      0.00      0.00      0.00      0.00      0.00
  756.00        0.00      0.00      0.00      0.00      0.00      0.00
  759.00        0.00      0.00      0.00      0.00      0.00      0.00
  762.00        0.00      0.00      0.00      0.00      0.00      0.00
  765.00        0.00      0.00      0.00      0.00      0.00      0.00
  768.00        0.00      0.00      0.00      0.00      0.00      0.00
  771.00        0.00      0.00      0.00      0.00      0.00      0.00
  774.00        0.00      0.00      0.00      0.00      0.00      0.00
  777.00        0.00      0.00      0.00      0.00      0.00      0.00
  780.00        0.00      0.00      0.00      0.00      0.00      0.00
  783.00        0.00      0.00      0.00      0.00      0.00     -0.00
  786.00        0.00      0.00      0.00      0.00      0.00      0.00
  789.00        0.00      0.00      0.00      0.00      0.00     -0.00
  792.00        0.00      0.00      0.00      0.00      0.00      0.00
  795.00        0.00      0.00      0.00      0.00      0.00     -0.00
  798.00        0.00      0.00      0.00      0.00      0.00      0.00
  801.00        0.00      0.00      0.00      0.00      0.00     -0.00
  804.00        0.00      0.00      0.00      0.00      0.00      0.00
  807.00        0.00      0.00      0.00      0.00      0.00     -0.00
  810.00        0.00      0.00      0.00      0.00      0.00      0.00
  813.00        0.00      0.00      0.00      0.00     -0.00     -0.00
  816.00        0.00      0.00      0.00      0.00      0.00      0.01
  819.00        0.00      0.00      0.00      0.00     -0.00     -0.05
  822.00        0.00      0.00      0.00      0.00      0.00      0.36
  825.00        0.00      0.00      0.00      0.00     -0.00     -1.87
  828.00        0.00      0.00      0.00      0.00      0.00      5.00
  831.00        0.00      0.00      0.00      0.00     -0.00     -5.00
  834.00        0.00      0.00      0.00      0.00      0.00      5.00
  837.00        0.00      0.00      0.00      0.00     -0.02     -5.00
  840.00        0.00      0.00      0.00      0.00      0.13      5.00
  843.00        0.00      0.00      0.00     -0.00     -0.79     -5.00
  846.00        0.00      0.00      0.00      0.00      3.47      5.00
  849.00        0.00      0.00      0.00     -0.00     -5.00     -5.00
  852.00        0.00      0.00      0.00      0.00      5.00      5.00
  855.00        0.00      0.00      0.00     -0.00     -5.00     -5.00
  858.00        0.00      0.00      0.00      0.04      5.00      5.00
  861.00        0.00      0.00      0.00     -0.31     -5.00     -5.00
  864.00        0.00      0.00      0.00      1.73      5.00      5.00
  867.00        0.00      0.00      0.00     -5.00     -5.00     -5.00
  870.00        0.00      0.00      0.00      5.00      5.00      5.00
  873.00        0.00      0.00     -0.00     -5.00     -5.00     -5.00
  876.00        0.00      0.00      0.01      5.00      5.00      5.00
  879.00        0.00      0.00     -0.12     -5.00     -5.00     -5.00
  882.00        0.00      0.00      0.79      5.00      5.00      5.00
  885.00        0.00      0.00     -3.41     -5.00     -5.00     -5.00
  888.00        0.00      0.00      5.00      5.00      5.00      5.00
  891.00        0.00      0.00     -5.00     -5.00     -5.00     -5.00
  894.00        0.00      0.00      5.00      5.00      5.00      5.00
  897.00        0.00      0.00     -5.00     -5.00     -5.00     -5.00
  900.00        1.00      0.00      1.00      1.00      1.00      1.00
  903.00        1.00      0.00      1.00      1.00      1.00      1.00
  906.00        1.00      0.00      1.00      1.00      1.00      1.00
  909.00        1.00      0.00      1.00      1.00      1.00      1.00
  912.00        1.00      0.00      1.00      1.00      1.00      1.00
  915.00        1.00      0.00      1.00      1.00      1.00      1.00
  918.00        1.00      0.00      1.00      1.00      1.00      1.00
  921.00        1.00      0.00      1.00      1.00      1.00      1.00
  924.00        1.00      0.00      1.00      1.00      1.00      1.00
  927.00        1.00      0.00      1.00      1.00      1.00      1.00
  930.00        1.00      0.00      1.00      1.00      1.00      1.00
  933.00        1.00      0.00      1.00      1.00      1.00      1.00
  936.00        1.00      0.00      1.00      1.00      1.00      1.00
  939.00        1.00      1.00      1.00      1.00      1.00      1.00
  942.00        1.00      1.00      1.00      1.00      1.00      1.00
  945.00        1.00      1.00      1.00      1.00      1.00      1.00
  948.00        1.00      1.00      1.00      1.00      1.00      1.00
  951.00        1.00      1.00      1.00      1.00      1.00      1.00
  954.00        1.00      1.00      1.00      1.00      1.00      1.00
  957.00        1.00      1.00      1.00      1.00      1.00      1.00
  960.00        1.00      1.00      1.00      1.00      1.00      1.00
  963.00        1.00      1.00      1.00      1.00      1.00      1.00
  966.00        1.00      1.00      1.00      1.00      1.00      1.00
  969.00        1.00      1.00      1.00      1.00      1.00      1.00
  972.00        1.00      1.00      1.00      1.00      1.00      1.00
  975.00        1.00      1.00      1.00      1.00      1.00      1.00
  978.00        1.00      1.00      1.00      1.00      1.00      1.00
  981.00        1.00      1.00      1.00      1.00      1.00      1.00
  984.00        1.00      1.00      1.00      1.00      1.00      1.00
  987.00        1.00      1.00      1.00      1.00      1.00      1.00
  990.00        1.00      1.00      1.00      1.00      1.00      1.00
  993.00        1.00      1.00      1.00      1.00      1.00      1.00
  996.00        1.00      1.00      1.00      1.00      1.00      1.00
  999.00        1.00      1.00      1.00      1.00      1.00      1.00
 1002.00        1.00      1.00      1.00      1.00      1.00      1.00
 1005.00        1.00      1.00      1.00      1.00      1.00      1.00
 1008.00        1.00      1.00      1.00      1.00      1.00      1.00
 1011.00        1.00      1.00      1.00      1.00      1.00      1.00
 1014.00        1.00      1.00      1.00      1.00      1.00      1.00
 1017.00        1.00      1.00      1.00      1.00      1.00      1.00
 1020.00        1.00      1.00      1.00      1.00      1.00      1.00
 1023.00        1.00      1.00      1.00      1.00      1.00      1.00
 1026.00        1.00      1.00      1.00      1.00      1.00      1.00
 1029.00        1.00      1.00      1.00      1.00      1.00      1.00
 1032.00        1.00      1.00      1.00      1.00      1.00      1.00
 1035.00        1.00      1.00      1.00      1.00      1.00      1.00
 1038.00        1.00      1.00      1.00      1.00      1.00      1.00
 1041.00        1.00      1.00      1.00      1.00      1.00      1.00
 1044.00        1.00      1.00      1.00      1.00      1.00      1.00
 1047.00        1.00      1.00      1.00      1.00      1.00      1.00
 1050.00        1.00      1.00      1.00      1.00      1.00      1.00
 1053.00        1.00      1.00      1.00      1.00      1.00      1.00
 1056.00        1.00      1.00      1.00      1.00      1.00      1.00
 1059.00        1.00      1.00      1.00      1.00      1.00      1.00
 1062.00        1.00      1.00      1.00      1.00      1.00      1.00
 1065.00        1.00      1.00      1.00      1.00      1.00      1.00
 1068.00        1.00      1.00      1.00      1.00      1.00      1.00
 1071.00        1.00      1.00      1.00      1.00      1.00      1.00
 1074.00        1.00      1.00      1.00      1.00      1.00      1.00
 1077.00        1.00      1.00      1.00      1.00      1.00      1.00
 1080.00        1.00      1.00      1.00      1.00      1.00      1.00
 1083.00        1.00      1.00      1.00      1.00      1.00      1.00
 1086.00        1.00      1.00      1.00      1.00      1.00      1.00
 1089.00        1.00      1.00      1.00      1.00      1.00      1.00
 1092.00        1.00      1.00      1.00      1.00      1.00      1.00
 1095.00        1.00      1.00      1.00      1.00      1.00      1.00
 1098.00        1.00      1.00      1.00      1.00      1.00      1.00
 1101.00        1.00      1.00      1.00      1.00      1.00      1.00
 1104.00        1.00      1.00      1.00      1.00      1.00      1.00
 1107.00        1.00      1.00      1.00      1.00      1.00      1.00
 1110.00        1.00      1.00      1.00      1.00      1.00      1.00
 1113.00        1.00      1.00      1.00      1.00      1.00      1.00
 1116.00        1.00      1.00      1.00      1.00      1.00      1.00
 1119.00        1.00      1.00      1.00      1.00      1.00      0.99
 1122.00        1.00      1.00      1.00      1.00      1.00      1.05
 1125.00        1.00      1.00      1.00      1.00      1.00      0.66
 1128.00        1.00      1.00      1.00      1.00      1.00      2.77
 1131.00        1.00      1.00      1.00      1.00      1.00     -4.08
 1134.00        1.00      1.00      1.00      1.00      1.00      5.00
 1137.00        1.00      1.00      1.00      1.00      1.00     -5.00
 1140.00        1.00      1.00      1.00      1.00      1.02      5.00
 1143.00        1.00      1.00      1.00      1.00      0.88     -5.00
 1146.00        1.00      1.00      1.00      1.00      1.76      5.00
 1149.00        1.00      1.00      1.00      1.00     -2.09     -5.00
 1152.00        1.00      1.00      1.00      1.00      5.00      5.00
 1155.00        1.00      1.00      1.00      1.00     -5.00     -5.00
 1158.00        1.00      1.00      1.00      1.00      5.00      5.00
 1161.00        1.00      1.00      1.00      0.96     -5.00     -5.00
 1164.00        1.00      1.00      1.00      1.31      5.00      5.00
 1167.00        1.00      1.00      1.00     -0.66     -5.00     -5.00
 1170.00        1.00      1.00      1.00      5.00      5.00      5.00
 1173.00        1.00      1.00      1.00     -5.00     -5.00     -5.00
 1176.00        1.00      1.00      1.00      5.00      5.00      5.00
 1179.00        1.00      1.00      0.99     -5.00     -5.00     -5.00
 1182.00        1.00      1.00      1.12      5.00      5.00      5.00
 1185.00        1.00      1.00      0.21     -5.00     -5.00     -5.00
 1188.00        1.00      1.00      4.30      5.00      5.00      5.00
 1191.00        1.00      1.00     -5.00     -5.00     -5.00     -5.00
 1194.00        1.00      1.00      5.00      5.00      5.00      5.00
 1197.00        1.00      1.00     -5.00     -5.00     -5.00     -5.00
 1200.00        1.00      1.00      5.00      5.00      5.00      5.00
 1203.00        0.00      1.00      0.00      0.00      0.00      0.00
 1206.00        0.00      1.00      0.00      0.00      0.00      0.00
 1209.00        0.00      1.00      0.00      0.00      0.00      0.00
 1212.00        0.00      1.00      0.00      0.00      0.00      0.00
 1215.00        0.00      1.00      0.00      0.00      0.00      0.00
 1218.00        0.00      1.00      0.00      0.00      0.00      0.00
 1221.00        0.00      1.00      0.00      0.00      0.00      0.00
 1224.00        0.00      1.00      0.00      0.00      0.00      0.00
 1227.00        0.00      1.00      0.00      0.00      0.00      0.00
 1230.00        0.00      1.00      0.00      0.00      0.00      0.00
 1233.00        0.00      1.00      0.00      0.00      0.00      0.00
 1236.00        0.00      1.00      0.00      0.00      0.00      0.00
 1239.00        0.00      1.00      0.00      0.00      0.00      0.00
 1242.00        0.00      0.00      0.00      0.00      0.00      0.00
 1245.00        0.00      0.00      0.00      0.00      0.00      0.00
 1248.00        0.00      0.00      0.00      0.00      0.00      0.00
 1251.00        0.00      0.00      0.00      0.00      0.00      0.00
 1254.00        0.00      0.00      0.00      0.00      0.00      0.00
 1257.00        0.00      0.00      0.00      0.00      0.00      0.00
 1260.00        0.00      0.00      0.00      0.00      0.00      0.00
 1263.00        0.00      0.00      0.00      0.00      0.00      0.00
 1266.00        0.00      0.00      0.00      0.00      0.00      0.00
 1269.00        0.00      0.00      0.00      0.00      0.00      0.00
 1272.00        0.00      0.00      0.00      0.00      0.00      0.00
 1275.00        0.00      0.00      0.00      0.00      0.00      0.00
 1278.00        0.00      0.00      0.00      0.00      0.00      0.00
 1281.00        0.00      0.00      0.00      0.00      0.00      0.00
 1284.00        0.00      0.00      0.00      0.00      0.00      0.00
 1287.00        0.00      0.00      0.00      0.00      0.00      0.00
 1290.00        0.00      0.00      0.00      0.00      0.00      0.00
 1293.00        0.00      0.00      0.00      0.00      0.00      0.00
 1296.00        0.00      0.00      0.00      0.00      0.00      0.00
 1299.00        0.00      0.00      0.00      0.00      0.00      0.00
 1302.00        0.00      0.00      0.00      0.00      0.00      0.00
 1305.00        0.00      0.00      0.00      0.00      0.00      0.00
 1308.00        0.00      0.00      0.00      0.00      0.00      0.00
 1311.00        0.00      0.00      0.00      0.00      0.00      0.00
 1314.00        0.00      0.00      0.00      0.00      0.00      0.00
 1317.00        0.00      0.00      0.00      0.00      0.00      0.00
 1320.00        0.00      0.00      0.00      0.00      0.00      0.00
 1323.00        0.00      0.00      0.00      0.00      0.00      0.00
 1326.00        0.00      0.00      0.00      0.00      0.00      0.00
 1329.00        0.00      0.00      0.00      0.00      0.00      0.00
 1332.00        0.00      0.00      0.00      0.00      0.00      0.00
 1335.00        0.00      0.00      0.00      0.00      0.00      0.00
 1338.00        0.00      0.00      0.00      0.00      0.00      0.00
 1341.00        0.00      0.00      0.00      0.00      0.00      0.00
 1344.00        0.00      0.00      0.00      0.00      0.00      0.00
 1347.00        0.00      0.00      0.00      0.00      0.00      0.00
 1350.00        0.00      0.00      0.00      0.00      0.00      0.00
 1353.00        0.00      0.00      0.00      0.00      0.00      0.00
 1356.00        0.00      0.00      0.00      0.00      0.00      0.00
 1359.00        0.00      0.00      0.00      0.00      0.00      0.00
 1362.00        0.00      0.00      0.00      0.00      0.00      0.00
 1365.00        0.00      0.00      0.00      0.00      0.00      0.00
 1368.00        0.00      0.00      0.00      0.00      0.00      0.00
 1371.00        0.00      0.00      0.00      0.00      0.00      0.00
 1374.00        0.00      0.00      0.00      0.00      0.00      0.00
 1377.00        0.00      0.00      0.00      0.00      0.00      0.00
 1380.00        0.00      0.00      0.00      0.00      0.00      0.00
 1383.00        0.00      0.00      0.00      0.00      0.00      0.00
 1386.00        0.00      0.00      0.00      0.00      0.00      0.00
 1389.00        0.00      0.00      0.00      0.00      0.00      0.00
 1392.00        0.00      0.00      0.00      0.00      0.00      0.00
 1395.00        0.00      0.00      0.00      0.00      0.00      0.00
 1398.00        0.00      0.00      0.00      0.00      0.00      0.00
 1401.00        0.00      0.00      0.00      0.00      0.00      0.00
 1404.00        0.00      0.00      0.00      0.00      0.00      0.00
 1407.00        0.00      0.00      0.00      0.00      0.00      0.00
 1410.00        0.00      0.00      0.00      0.00      0.00      0.00
 1413.00        0.00      0.00      0.00      0.00      0.00      0.00
 1416.00        0.00      0.00      0.00      0.00      0.00      0.00
 1419.00        0.00      0.00      0.00      0.00      0.00      0.00
 1422.00        0.00      0.00      0.00      0.00      0.00      0.00
 1425.00        0.00      0.00      0.00      0.00      0.00      0.00
 1428.00        0.00      0.00      0.00      0.00      0.00      0.00
 1431.00        0.00      0.00      0.00      0.00      0.00      0.00
 1434.00        0.00      0.00      0.00      0.00      0.00      0.00
 1437.00        0.00      0.00      0.00      0.00      0.00      0.00
 1440.00        0.00      0.00      0.00      0.00      0.00      0.00
 1443.00        0.00      0.00      0.00      0.00      0.00      0.00
 1446.00        0.00      0.00      0.00      0.00      0.00      0.00
 1449.00        0.00      0.00      0.00      0.00      0.00      0.00
 1452.00        0.00      0.00      0.00      0.00      0.00      0.00
 1455.00        0.00      0.00      0.00      0.00      0.00      0.00
 1458.00        0.00      0.00      0.00      0.00      0.00      0.00
 1461.00        0.00      0.00      0.00      0.00      0.00      0.00
 1464.00        0.00      0.00      0.00      0.00      0.00      0.00
 1467.00        0.00      0.00      0.00      0.00      0.00      0.00
 1470.00        0.00      0.00      0.00      0.00      0.00      0.00
 1473.00        0.00      0.00      0.00      0.00      0.00      0.00
 1476.00        0.00      0.00      0.00      0.00      0.00      0.00
 1479.00        0.00      0.00      0.00      0.00      0.00      0.00
 1482.00        0.00      0.00      0.00      0.00      0.00      0.00
 1485.00        0.00      0.00      0.00      0.00      0.00      0.00
 1488.00        0.00      0.00      0.00      0.00      0.00      0.00
 1491.00        0.00      0.00      0.00      0.00      0.00      0.00
 1494.00        0.00      0.00      0.00      0.00      0.00      0.00
 1497.00        0.00      0.00      0.00      0.00      0.00      0.00
 1500.00        0.00      0.00      0.00      0.00      0.00      0.00
