   20.00      0.75    0.87    1.11
   40.00      0.98    0.63    0.89
   60.00      1.18    0.37    0.65
   80.00      1.34    0.13    0.39
  100.00      1.45   -0.09    0.14
  120.00      1.50   -0.27   -0.08
  140.00      1.48   -0.40   -0.27
  160.00      1.40   -0.48   -0.41
  180.00      1.27   -0.50   -0.50
  200.00      1.09   -0.45   -0.52
  220.00      0.87   -0.34   -0.47
  240.00      0.63   -0.18   -0.37
  260.00      0.37    0.02   -0.21
  280.00      0.13    0.25   -0.01
  300.00     -0.09    0.50    0.23
  320.00     -0.27    0.75    0.48
  340.00     -0.40    0.98    0.73
  360.00     -0.48    1.18    0.97
  380.00     -0.50    1.34    1.18
  400.00     -0.45    1.45    1.35
  420.00     -0.34    1.50    1.46
  440.00     -0.18    1.48    1.52
  460.00      0.02    1.40    1.50
  480.00      0.25    1.27    1.43
  500.00      0.50    1.09    1.30
  520.00      0.75    0.87    1.11
  540.00      0.98    0.63    0.89
  560.00      1.18    0.37    0.65
  580.00      1.34    0.13    0.39
  600.00      1.45   -0.09    0.14
  620.00      1.50   -0.27   -0.08
  640.00      1.48   -0.40   -0.27
  660.00      1.40   -0.48   -0.41
  680.00      1.27   -0.50   -0.50
  700.00      1.09   -0.45   -0.52
  720.00      0.87   -0.34   -0.47
  740.00      0.63   -0.18   -0.37
  760.00      0.37    0.02   -0.21
  780.00      0.13    0.25   -0.01
  800.00     -0.09    0.50    0.23
  820.00     -0.27    0.75    0.48
  840.00     -0.40    0.98    0.74
  860.00     -0.48    1.18    0.97
  880.00     -0.50    1.34    1.18
  900.00     -0.45    1.45    1.35
  920.00     -0.34    1.50    1.46
  940.00     -0.18    1.48    1.52
  960.00      0.02    1.40    1.50
  980.00      0.25    1.27    1.43
 1000.00      0.50    1.09    1.30
